"Line 1"
180.15,17.88,44.625
328.6625,166.3924,-166.2553
479.7311,317.4609,-373.4734
659.2625,496.9921,-610.3414
816.0051,653.7346,-808.9505
975.4224,813.1519,-1003.254
1137.545,975.2739,-1193.03
1302.396,1140.125,-1378.043
1498.196,1335.925,-1587.547
1669.015,1506.744,-1761.394
1842.598,1680.327,-1929.675
1961.007,1798.736,-2034.995
2052.539,1890.267,-2107.514
2146.331,1984.059,-2174.001
2274.719,2112.448,-2252.505
2406.583,2244.312,-2318.473
2507.478,2345.206,-2359.141
2609.807,2447.536,-2391.853
2747.976,2585.705,-2422.573
2887.411,2725.139,-2438.073
4776.466,4614.193,-2440.017
"Line 2"
180.34,0,44.625
383.2129,54.35947,-166.2541
589.5776,109.6546,-373.4714
834.8228,175.3676,-610.3378
1048.938,232.7395,-808.946
1266.708,291.0905,-1003.249
1488.171,350.4312,-1193.023
1713.362,410.7708,-1378.035
1980.831,482.4386,-1587.539
2214.174,544.9626,-1761.385
2451.294,608.4985,-1929.667
2613.048,651.8402,-2034.988
2738.084,685.3436,-2107.508
2866.21,719.6746,-2173.997
3041.595,766.6688,-2252.502
3221.729,814.9354,-2318.471
3359.556,851.8659,-2359.14
3499.344,889.3219,-2391.853
3688.09,939.8962,-2422.573
3878.565,990.9337,-2438.073
6459.031,1682.365,-2440.017
"Line 3"
180.15,-17.88,44.625
383.0229,-72.23947,-166.2541
589.3876,-127.5346,-373.4714
834.6327,-193.2476,-610.3378
1048.748,-250.6195,-808.946
1266.517,-308.9705,-1003.249
1487.981,-368.3112,-1193.023
1713.172,-428.6509,-1378.035
1980.641,-500.3187,-1587.539
2213.984,-562.8427,-1761.385
2451.104,-626.3785,-1929.667
2612.857,-669.7202,-2034.988
2737.894,-703.2236,-2107.508
2866.02,-737.5547,-2173.997
3041.405,-784.5488,-2252.502
3221.539,-832.8155,-2318.471
3359.366,-869.746,-2359.14
3499.154,-907.202,-2391.853
3687.9,-957.7762,-2422.573
3878.375,-1008.814,-2438.073
6458.841,-1700.245,-2440.017
"Line 4"
165.73,-26.48,44.625
379.1217,-239.8717,-221.1001
625.1483,-485.8983,-510.1777
849.2068,-709.9568,-757.7159
1107.366,-968.1158,-1024.79
1342.271,-1203.021,-1251.32
1582.273,-1443.023,-1466.901
1858.298,-1719.048,-1695.448
2108.905,-1969.655,-1885.359
2396.562,-2257.312,-2083.139
2657.131,-2517.881,-2244.004
2722.128,-2582.878,-2280.085
2788.009,-2648.759,-2312.807
2854.705,-2715.455,-2342.036
2922.14,-2782.89,-2367.649
2990.229,-2850.979,-2389.531
3093.379,-2954.129,-2415.143
3162.673,-3023.423,-2427.29
3232.26,-3093.01,-2435.422
3302.025,-3162.775,-2439.499
4762.032,-4622.783,-2440.009
"Line 5"
-95.59,-177.07,44.625
-41.23053,-379.9429,-166.2541
14.06459,-586.3076,-373.4714
79.77763,-831.5527,-610.3378
137.1495,-1045.668,-808.946
195.5005,-1263.438,-1003.249
254.8412,-1484.901,-1193.023
315.1809,-1710.092,-1378.035
386.8487,-1977.561,-1587.539
449.3727,-2210.904,-1761.385
512.9085,-2448.024,-1929.667
556.2502,-2609.778,-2034.988
589.7536,-2734.814,-2107.508
624.0847,-2862.94,-2173.997
671.0788,-3038.325,-2252.502
719.3455,-3218.459,-2318.471
756.2759,-3356.286,-2359.14
793.7319,-3496.074,-2391.853
844.3062,-3684.82,-2422.573
895.3438,-3875.295,-2438.073
1586.776,-6455.761,-2440.017
"Line 6"
-111.17,-168.31,44.625
-165.5295,-371.1829,-166.2541
-220.8246,-577.5476,-373.4714
-286.5377,-822.7927,-610.3378
-343.9096,-1036.908,-808.946
-402.2606,-1254.677,-1003.249
-461.6013,-1476.141,-1193.023
-521.941,-1701.332,-1378.035
-593.6088,-1968.801,-1587.539
-656.1329,-2202.144,-1761.385
-719.6687,-2439.263,-1929.667
-763.0104,-2601.018,-2034.988
-796.5139,-2726.054,-2107.508
-830.8448,-2854.18,-2173.997
-877.8391,-3029.565,-2252.502
-926.1057,-3209.699,-2318.471
-963.0362,-3347.526,-2359.14
-1000.492,-3487.314,-2391.853
-1051.067,-3676.06,-2422.573
-1102.104,-3866.535,-2438.073
-1793.536,-6447,-2440.017
"Line 7"
-126.55,-159.2,44.625
-275.0629,-307.7128,-166.2559
-426.1309,-458.7807,-373.4732
-605.662,-638.3118,-610.3409
-762.405,-795.0547,-808.9506
-921.8227,-954.4723,-1003.255
-1083.945,-1116.594,-1193.03
-1248.796,-1281.445,-1378.043
-1444.596,-1477.245,-1587.547
-1615.415,-1648.064,-1761.394
-1788.998,-1821.647,-1929.675
-1907.407,-1940.056,-2034.995
-1998.938,-2031.588,-2107.513
-2092.731,-2125.38,-2174.001
-2221.119,-2253.768,-2252.504
-2352.983,-2385.632,-2318.472
-2453.877,-2486.526,-2359.14
-2556.207,-2588.856,-2391.853
-2694.375,-2727.024,-2422.572
-2833.81,-2866.459,-2438.072
-4722.866,-4755.514,-2440.016
"Line 8"
-126.8,-142.41,44.625
-418.3003,-220.517,-221.0975
-754.3813,-310.5693,-510.1731
-1060.453,-392.5807,-757.7097
-1413.105,-487.0733,-1024.782
-1733.994,-573.0549,-1251.31
-2061.843,-660.9014,-1466.89
-2438.901,-761.9333,-1695.437
-2781.236,-853.6616,-1885.348
-3174.183,-958.9509,-2083.127
-3530.126,-1054.325,-2243.993
-3618.918,-1078.117,-2280.077
-3708.917,-1102.232,-2312.8
-3800.03,-1126.646,-2342.031
-3892.152,-1151.33,-2367.645
-3985.167,-1176.253,-2389.529
-4126.08,-1214.01,-2415.142
-4220.741,-1239.375,-2427.29
-4315.803,-1264.846,-2435.422
-4411.108,-1290.383,-2439.499
-6405.475,-1824.77,-2440.009
"Line 9"
-126.55,159.2,44.625
-329.4229,213.5595,-166.2541
-535.7876,268.8547,-373.4714
-781.0327,334.5678,-610.3378
-995.1481,391.9397,-808.946
-1212.917,450.2908,-1003.249
-1434.381,509.6315,-1193.023
-1659.572,569.9713,-1378.035
-1927.04,641.6391,-1587.539
-2160.384,704.1632,-1761.385
-2397.503,767.699,-1929.667
-2559.257,811.0408,-2034.988
-2684.294,844.5443,-2107.508
-2812.42,878.8753,-2173.997
-2987.805,925.8695,-2252.502
-3167.939,974.1362,-2318.471
-3305.766,1011.067,-2359.14
-3445.554,1048.523,-2391.853
-3634.3,1099.097,-2422.573
-3824.775,1150.135,-2438.073
-6405.24,1841.567,-2440.017
"Line 10"
-111.17,168.31,44.625
-259.6824,316.8225,-166.2553
-410.751,467.8911,-373.4734
-590.2822,647.4224,-610.3414
-747.0247,804.165,-808.9505
-906.442,963.5823,-1003.254
-1068.564,1125.704,-1193.03
-1233.415,1290.556,-1378.043
-1429.215,1486.356,-1587.547
-1600.034,1657.175,-1761.394
-1773.617,1830.758,-1929.675
-1892.027,1949.167,-2034.995
-1983.558,2040.698,-2107.514
-2077.35,2134.49,-2174.001
-2205.738,2262.879,-2252.505
-2337.602,2394.743,-2318.473
-2438.496,2495.637,-2359.141
-2540.826,2597.967,-2391.853
-2678.995,2736.136,-2422.573
-2818.429,2875.571,-2438.073
-4707.484,4764.625,-2440.017
"Line 11"
-95.59,177.07,44.625
-149.9495,379.9429,-166.2541
-205.2446,586.3076,-373.4714
-270.9577,831.5527,-610.3378
-328.3297,1045.668,-808.946
-386.6806,1263.438,-1003.249
-446.0214,1484.901,-1193.023
-506.3611,1710.092,-1378.035
-578.0289,1977.561,-1587.539
-640.553,2210.904,-1761.385
-704.0888,2448.023,-1929.667
-747.4306,2609.777,-2034.988
-780.934,2734.814,-2107.508
-815.265,2862.94,-2173.997
-862.2592,3038.325,-2252.502
-910.5259,3218.459,-2318.471
-947.4564,3356.286,-2359.14
-984.9124,3496.074,-2391.853
-1035.487,3684.82,-2422.573
-1086.524,3875.295,-2438.073
-1777.956,6455.76,-2440.017
"Line 12"
-80.93,168.89,44.625
-2.822808,460.3906,-221.098
87.22939,796.4707,-510.1728
169.2409,1102.542,-757.7097
263.7337,1455.195,-1024.782
349.7153,1776.084,-1251.31
437.5618,2103.932,-1466.89
538.5942,2480.991,-1695.437
630.3224,2823.326,-1885.348
735.6119,3216.272,-2083.128
830.9866,3572.216,-2243.994
854.7783,3661.008,-2280.077
878.8932,3751.006,-2312.8
903.3067,3842.119,-2342.031
927.9908,3934.241,-2367.645
952.914,4027.256,-2389.529
990.6711,4168.168,-2415.142
1016.036,4262.831,-2427.29
1041.507,4357.892,-2435.422
1067.044,4453.197,-2439.499
1601.432,6447.564,-2440.009
